<?xml version="1.0" encoding="UTF-8" standalone="no"?>
<!DOCTYPE svg PUBLIC "-//W3C//DTD SVG 20010904//EN"
              "http://www.w3.org/TR/2001/REC-SVG-20010904/DTD/svg10.dtd">

<svg
     width="85px" height="45px"
     viewBox="0 0 85px 45px">
  <path id="Imported Path #12"
        fill="none" stroke="black" stroke-width="1"
        d="M 5.90,9.46
           C 9.80,9.62 66.01,13.42 70.17,13.84
             74.33,14.27 74.81,17.51 74.73,23.48
             74.66,29.45 78.84,28.52 78.88,24.99
             78.93,21.46 78.26,12.80 71.25,11.10
             64.24,9.40 18.45,5.03 5.43,5.14
             2.83,4.94 1.99,9.31 5.90,9.46 Z"></path>
           <path d="
           M 79.49,10.43
           C 75.58,10.48 19.29,12.81 15.12,13.12
             10.95,13.44 10.38,16.67 10.31,22.64
             10.23,28.61 6.08,27.56 6.12,24.03
             6.17,20.51 7.06,11.86 14.11,10.35
             21.16,8.84 67.05,5.67 80.07,6.11
             82.67,5.99 83.40,10.37 79.49,10.43 Z"></path>
           <path d="
           M 62.73,28.83
           C 67.43,28.83 72.62,27.20 74.53,23.88
             77.28,19.08 78.07,9.34 74.65,7.26
             73.15,6.35 68.03,5.68 62.73,5.87
             62.73,5.87 62.73,4.24 62.73,4.24
             69.44,3.95 78.44,4.83 80.06,5.38
             82.13,6.07 82.19,6.24 82.26,7.82
             82.33,9.40 82.06,10.75 80.82,11.15
             79.15,11.68 79.10,13.79 77.92,19.83
             76.85,25.34 74.36,29.67 63.85,30.32
             63.47,30.35 63.10,30.36 62.73,30.36
             62.73,30.36 62.73,28.83 62.73,28.83 Z"></path>
           <path d="
           M 61.50,4.30
           C 61.90,4.28 62.31,4.25 62.73,4.24
             62.73,4.24 62.73,5.87 62.73,5.87
             57.29,6.06 51.68,7.15 49.63,9.81
             46.23,14.22 51.47,25.15 56.55,27.63
             58.18,28.43 60.40,28.83 62.73,28.83
             62.73,28.83 62.73,30.37 62.73,30.37
             53.31,30.47 50.24,24.13 49.19,22.06
             47.26,18.22 47.84,13.08 42.64,13.01
             37.44,12.94 37.98,18.20 35.95,21.98
             34.86,23.99 31.63,30.00 22.54,29.85
             22.54,29.85 22.54,28.31 22.54,28.31
             24.73,28.32 26.79,27.97 28.35,27.26
             33.49,24.92 39.02,14.13 35.74,9.63
             33.73,6.88 28.03,5.64 22.54,5.33
             22.54,5.33 22.54,3.69 22.54,3.69
             23.04,3.73 23.54,3.77 24.02,3.81
             30.78,4.46 40.32,7.14 42.64,7.12
             48.11,7.07 55.43,4.72 61.50,4.30 Z"></path>
           <path d="
           M 22.54,3.69
           C 22.54,3.69 22.54,5.33 22.54,5.33
             17.33,5.03 12.30,5.56 10.79,6.42
             7.32,8.41 7.86,18.17 10.48,23.04
             12.35,26.50 17.74,28.28 22.54,28.31
             22.54,28.31 22.54,29.85 22.54,29.85
             22.04,29.84 21.52,29.81 20.98,29.76
             10.50,28.83 8.12,24.44 7.19,18.91
             6.17,12.84 6.18,10.73 4.52,10.15
             3.30,9.72 3.06,8.36 3.17,6.79
             3.28,5.21 3.35,5.04 5.43,4.40
             7.05,3.91 15.87,3.26 22.54,3.69
             22.54,3.69 22.54,3.69 22.54,3.69 Z"></path>
           <path d="
           M 10.79,6.42
           C 7.32,8.41 7.86,18.17 10.48,23.04
             13.20,28.08 23.37,29.54 28.35,27.26
             33.49,24.91 39.02,14.12 35.74,9.63
             31.83,4.27 13.88,4.66 10.79,6.42
             10.79,6.42 10.79,6.42 10.79,6.42 Z"></path>
           <path d="
           M 74.53,23.87
           C 71.68,28.85 61.48,30.03 56.55,27.63
             51.47,25.15 46.23,14.22 49.63,9.81
             53.68,4.56 71.61,5.41 74.65,7.26
             78.07,9.33 77.28,19.08 74.53,23.87 Z"></path>
           <path d="
           M 32.82,23.29
           C 36.01,19.03 38.04,12.78 35.74,9.63
             32.30,4.92 18.02,4.65 12.52,5.85
             12.52,5.85 32.82,23.29 32.82,23.29 Z"></path>
           <path d="
           M 74.65,7.26
           C 78.07,9.33 77.28,19.08 74.53,23.87
             74.19,24.47 73.74,25.01 73.20,25.50
             73.20,25.50 52.53,7.74 52.53,7.74
             59.04,4.86 72.10,5.71 74.65,7.26 Z"></path>
           <path d="
           M 70.42,6.19
           C 72.40,6.45 73.94,6.82 74.65,7.26
             75.60,7.84 76.23,9.02 76.57,10.52
             74.84,10.58 72.46,10.67 69.64,10.78
             70.30,10.89 70.84,11.00 71.25,11.10
             73.95,11.75 75.70,13.44 76.84,15.47
             76.63,18.33 75.86,21.34 74.73,23.49
             74.73,23.49 74.73,23.48 74.73,23.48
             74.81,17.51 74.33,14.27 70.17,13.84
             68.59,13.68 59.51,13.04 48.63,12.29
             48.76,11.49 49.00,10.76 49.40,10.14
             49.40,10.14 49.41,10.11 49.41,10.11
             49.41,10.11 49.42,10.11 49.42,10.11
             49.42,10.11 49.43,10.09 49.43,10.09
             49.43,10.09 49.44,10.07 49.44,10.07
             49.44,10.07 49.45,10.06 49.45,10.06
             49.45,10.06 49.46,10.04 49.46,10.04
             49.46,10.04 49.47,10.03 49.47,10.03
             49.47,10.03 49.48,10.01 49.48,10.01
             49.48,10.01 49.49,10.01 49.49,10.01
             49.49,10.01 49.50,9.98 49.50,9.98
             49.50,9.98 49.51,9.97 49.51,9.97
             49.51,9.97 49.52,9.96 49.52,9.96
             49.52,9.96 49.53,9.94 49.53,9.94
             49.53,9.94 49.54,9.93 49.54,9.93
             49.54,9.93 49.56,9.91 49.56,9.91
             49.56,9.91 49.56,9.91 49.56,9.91
             49.56,9.91 49.58,9.88 49.58,9.88
             49.58,9.88 49.58,9.87 49.58,9.87
             49.58,9.87 49.59,9.86 49.59,9.86
             49.59,9.86 49.61,9.86 49.61,9.86
             49.61,9.86 49.62,9.85 49.62,9.85
             49.62,9.85 49.64,9.82 49.64,9.82
             49.64,9.82 49.69,9.76 49.69,9.76
             49.69,9.76 49.69,9.75 49.69,9.75
             49.69,9.75 49.73,9.71 49.73,9.71
             49.73,9.71 49.74,9.70 49.74,9.70
             49.74,9.70 49.75,9.69 49.75,9.69
             49.75,9.69 49.79,9.64 49.79,9.64
             49.79,9.64 49.79,9.64 49.79,9.64
             49.79,9.64 49.79,9.64 49.79,9.64
             49.79,9.64 49.81,9.62 49.81,9.62
             49.81,9.62 49.83,9.59 49.83,9.59
             49.83,9.59 49.85,9.57 49.85,9.57
             49.85,9.57 49.85,9.57 49.85,9.57
             49.85,9.57 49.87,9.55 49.87,9.55
             49.87,9.55 49.89,9.53 49.89,9.53
             49.89,9.53 49.90,9.51 49.90,9.51
             49.90,9.51 49.91,9.51 49.91,9.51
             49.91,9.51 49.93,9.48 49.93,9.48
             49.93,9.48 49.95,9.46 49.95,9.46
             49.95,9.46 49.96,9.45 49.96,9.45
             49.96,9.45 49.97,9.44 49.97,9.44
             49.97,9.44 50.01,9.40 50.01,9.40
             50.01,9.40 50.01,9.40 50.01,9.40
             50.01,9.40 50.02,9.39 50.02,9.39
             50.02,9.39 50.02,9.39 50.02,9.39
             50.02,9.39 50.06,9.35 50.06,9.35
             50.06,9.35 50.08,9.33 50.08,9.33
             50.08,9.33 50.08,9.33 50.08,9.33
             50.08,9.33 50.10,9.31 50.10,9.31
             50.10,9.31 50.12,9.29 50.12,9.29
             50.12,9.29 50.14,9.27 50.14,9.27
             50.14,9.27 50.15,9.26 50.15,9.26
             50.15,9.26 50.17,9.24 50.17,9.24
             50.17,9.24 50.19,9.22 50.19,9.22
             50.19,9.22 50.21,9.20 50.21,9.20
             50.21,9.20 50.23,9.18 50.23,9.18
             50.23,9.18 50.26,9.16 50.26,9.16
             50.26,9.16 50.26,9.16 50.26,9.16
             50.26,9.16 50.28,9.14 50.28,9.14
             50.28,9.14 50.30,9.12 50.30,9.12
             50.30,9.12 50.33,9.10 50.33,9.10
             50.33,9.10 50.35,9.07 50.35,9.07
             50.35,9.07 50.37,9.05 50.37,9.05
             50.37,9.05 50.38,9.04 50.38,9.04
             50.38,9.04 50.40,9.03 50.40,9.03
             50.40,9.03 50.42,9.01 50.42,9.01
             50.42,9.01 50.45,8.99 50.45,8.99
             50.45,8.99 50.45,8.99 50.45,8.99
             50.45,8.99 50.47,8.97 50.47,8.97
             50.47,8.97 50.49,8.95 50.49,8.95
             50.49,8.95 50.50,8.95 50.50,8.95
             50.50,8.95 50.54,8.91 50.54,8.91
             50.54,8.91 50.54,8.91 50.54,8.91
             50.54,8.91 50.57,8.89 50.57,8.89
             50.57,8.89 50.59,8.88 50.59,8.88
             50.59,8.88 50.59,8.87 50.59,8.87
             50.59,8.87 50.62,8.85 50.62,8.85
             50.62,8.85 50.65,8.83 50.65,8.83
             50.65,8.83 50.65,8.82 50.65,8.82
             50.65,8.82 50.67,8.81 50.67,8.81
             50.67,8.81 50.70,8.79 50.70,8.79
             50.70,8.79 50.72,8.77 50.72,8.77
             50.72,8.77 50.73,8.77 50.73,8.77
             50.73,8.77 50.75,8.75 50.75,8.75
             50.75,8.75 50.78,8.73 50.78,8.73
             50.78,8.73 50.80,8.71 50.80,8.71
             50.80,8.71 50.80,8.71 50.80,8.71
             50.80,8.71 50.83,8.69 50.83,8.69
             50.83,8.69 50.85,8.67 50.85,8.67
             50.85,8.67 50.87,8.66 50.87,8.66
             50.87,8.66 50.88,8.65 50.88,8.65
             50.88,8.65 50.94,8.61 50.94,8.61
             50.94,8.61 50.95,8.61 50.95,8.61
             50.95,8.61 50.97,8.59 50.97,8.59
             50.97,8.59 50.99,8.57 50.99,8.57
             50.99,8.57 51.02,8.55 51.02,8.55
             51.02,8.55 51.02,8.55 51.02,8.55
             51.02,8.55 51.05,8.53 51.05,8.53
             51.05,8.53 51.08,8.52 51.08,8.52
             51.08,8.52 51.10,8.50 51.10,8.50
             51.10,8.50 51.10,8.50 51.10,8.50
             51.10,8.50 51.13,8.48 51.13,8.48
             51.13,8.48 51.13,8.48 51.13,8.48
             52.18,7.80 53.53,7.27 55.05,6.87
             60.60,6.57 65.91,6.32 70.42,6.19
             70.42,6.19 70.42,6.19 70.42,6.19 Z"></path>
         <path d="
           M 10.80,6.43
           C 9.83,6.99 9.17,8.15 8.79,9.64
             10.52,9.75 12.90,9.90 15.73,10.08
             15.07,10.18 14.53,10.28 14.12,10.36
             11.39,10.95 9.58,12.60 8.39,14.62
             8.54,17.49 9.23,20.52 10.31,22.70
             10.31,22.70 10.31,22.65 10.31,22.65
             10.39,16.68 10.95,13.45 15.12,13.13
             16.71,13.02 25.79,12.61 36.67,12.14
             36.57,11.35 36.35,10.62 35.98,10.00
             35.98,10.00 35.97,9.98 35.97,9.98
             35.97,9.98 35.96,9.97 35.96,9.97
             35.96,9.97 35.95,9.94 35.95,9.94
             35.95,9.94 35.91,9.89 35.91,9.89
             35.91,9.89 35.90,9.87 35.90,9.87
             35.90,9.87 35.90,9.87 35.90,9.87
             35.90,9.87 35.88,9.84 35.88,9.84
             35.88,9.84 35.88,9.84 35.88,9.84
             35.88,9.84 35.86,9.81 35.86,9.81
             35.86,9.81 35.86,9.80 35.86,9.80
             35.86,9.80 35.85,9.79 35.85,9.79
             35.85,9.79 35.83,9.77 35.83,9.77
             35.83,9.77 35.83,9.76 35.83,9.76
             35.83,9.76 35.81,9.74 35.81,9.74
             35.81,9.74 35.81,9.74 35.81,9.74
             35.81,9.74 35.79,9.71 35.79,9.71
             35.79,9.71 35.79,9.70 35.79,9.70
             35.79,9.70 35.77,9.69 35.77,9.69
             35.77,9.69 35.76,9.67 35.76,9.67
             35.76,9.67 35.76,9.66 35.76,9.66
             35.76,9.66 35.74,9.63 35.74,9.63
             35.74,9.63 35.70,9.59 35.70,9.59
             35.70,9.59 35.69,9.57 35.69,9.57
             35.69,9.57 35.68,9.56 35.68,9.56
             35.68,9.56 35.65,9.52 35.65,9.52
             35.65,9.52 35.64,9.51 35.64,9.51
             35.64,9.51 35.61,9.47 35.61,9.47
             35.61,9.47 35.59,9.45 35.59,9.45
             35.59,9.45 35.59,9.44 35.59,9.44
             35.59,9.44 35.57,9.42 35.57,9.42
             35.57,9.42 35.55,9.40 35.55,9.40
             35.55,9.40 35.53,9.38 35.53,9.38
             35.53,9.38 35.53,9.38 35.53,9.38
             35.53,9.38 35.51,9.36 35.51,9.36
             35.51,9.36 35.49,9.33 35.49,9.33
             35.49,9.33 35.48,9.32 35.48,9.32
             35.48,9.32 35.47,9.31 35.47,9.31
             35.47,9.31 35.45,9.29 35.45,9.29
             35.45,9.29 35.43,9.27 35.43,9.27
             35.43,9.27 35.42,9.26 35.42,9.26
             35.42,9.26 35.41,9.24 35.41,9.24
             35.41,9.24 35.39,9.22 35.39,9.22
             35.39,9.22 35.37,9.20 35.37,9.20
             35.37,9.20 35.37,9.20 35.37,9.20
             35.37,9.20 35.35,9.18 35.35,9.18
             35.35,9.18 35.33,9.15 35.33,9.15
             35.33,9.15 35.31,9.13 35.31,9.13
             35.31,9.13 35.31,9.13 35.31,9.13
             35.31,9.13 35.29,9.11 35.29,9.11
             35.29,9.11 35.26,9.09 35.26,9.09
             35.26,9.09 35.25,9.08 35.25,9.08
             35.25,9.08 35.24,9.07 35.24,9.07
             35.24,9.07 35.22,9.04 35.22,9.04
             35.22,9.04 35.20,9.02 35.20,9.02
             35.20,9.02 35.19,9.02 35.19,9.02
             35.19,9.02 35.18,9.00 35.18,9.00
             35.18,9.00 35.15,8.98 35.15,8.98
             35.15,8.98 35.13,8.96 35.13,8.96
             35.13,8.96 35.13,8.96 35.13,8.96
             35.13,8.96 35.11,8.94 35.11,8.94
             35.11,8.94 35.09,8.92 35.09,8.92
             35.09,8.92 35.07,8.90 35.07,8.90
             35.07,8.90 35.06,8.89 35.06,8.89
             35.06,8.89 35.04,8.87 35.04,8.87
             35.04,8.87 35.02,8.85 35.02,8.85
             35.02,8.85 35.00,8.83 35.00,8.83
             35.00,8.83 34.97,8.81 34.97,8.81
             34.97,8.81 34.95,8.79 34.95,8.79
             34.95,8.79 34.94,8.78 34.94,8.78
             34.94,8.78 34.92,8.77 34.92,8.77
             34.92,8.77 34.90,8.75 34.90,8.75
             34.90,8.75 34.88,8.73 34.88,8.73
             34.88,8.73 34.88,8.72 34.88,8.72
             34.88,8.72 34.85,8.70 34.85,8.70
             34.85,8.70 34.83,8.68 34.83,8.68
             34.83,8.68 34.81,8.67 34.81,8.67
             34.81,8.67 34.80,8.66 34.80,8.66
             34.80,8.66 34.78,8.64 34.78,8.64
             34.78,8.64 34.75,8.62 34.75,8.62
             34.75,8.62 34.74,8.61 34.74,8.61
             34.74,8.61 34.73,8.60 34.73,8.60
             34.73,8.60 34.70,8.58 34.70,8.58
             34.70,8.58 34.68,8.56 34.68,8.56
             34.68,8.56 34.67,8.55 34.67,8.55
             34.67,8.55 34.65,8.54 34.65,8.54
             34.65,8.54 34.63,8.52 34.63,8.52
             34.63,8.52 34.60,8.50 34.60,8.50
             34.60,8.50 34.60,8.50 34.60,8.50
             34.60,8.50 34.57,8.48 34.57,8.48
             34.57,8.48 34.55,8.46 34.55,8.46
             34.55,8.46 34.53,8.44 34.53,8.44
             34.53,8.44 34.52,8.44 34.52,8.44
             34.52,8.44 34.49,8.42 34.49,8.42
             34.49,8.42 34.47,8.40 34.47,8.40
             34.47,8.40 34.46,8.39 34.46,8.39
             34.46,8.39 34.44,8.38 34.44,8.38
             34.40,8.34 34.35,8.31 34.31,8.28
             34.31,8.28 34.30,8.28 34.30,8.28
             34.30,8.28 34.28,8.26 34.28,8.26
             34.28,8.26 34.27,8.26 34.27,8.26
             33.24,7.55 31.90,6.99 30.39,6.55
             24.86,6.10 19.55,5.72 15.06,5.46
             13.07,5.67 11.52,6.01 10.80,6.43 Z"></path>
           <path d="
           M 15.06,5.45
           C 19.55,5.71 24.85,6.09 30.38,6.54
             31.90,6.98 33.24,7.54 34.27,8.25
             34.27,8.25 34.27,8.25 34.27,8.25
             34.27,8.25 34.30,8.27 34.30,8.27
             34.30,8.27 34.30,8.27 34.30,8.27
             34.35,8.30 34.39,8.33 34.44,8.37
             34.44,8.37 34.45,8.38 34.45,8.38
             34.45,8.38 34.46,8.39 34.46,8.39
             34.46,8.39 34.49,8.41 34.49,8.41
             34.49,8.41 34.52,8.43 34.52,8.43
             34.52,8.43 34.53,8.43 34.53,8.43
             34.53,8.43 34.54,8.45 34.54,8.45
             34.54,8.45 34.57,8.47 34.57,8.47
             34.57,8.47 34.60,8.49 34.60,8.49
             34.60,8.49 34.60,8.49 34.60,8.49
             34.60,8.49 34.62,8.51 34.62,8.51
             34.62,8.51 34.65,8.53 34.65,8.53
             34.65,8.53 34.67,8.54 34.67,8.54
             34.67,8.54 34.67,8.55 34.67,8.55
             34.67,8.55 34.70,8.57 34.70,8.57
             34.70,8.57 34.72,8.59 34.72,8.59
             34.72,8.59 34.74,8.60 34.74,8.60
             34.74,8.60 34.75,8.61 34.75,8.61
             34.75,8.61 34.77,8.63 34.77,8.63
             34.77,8.63 34.80,8.65 34.80,8.65
             34.80,8.65 34.81,8.66 34.81,8.66
             34.81,8.66 34.82,8.67 34.82,8.67
             34.82,8.67 34.85,8.69 34.85,8.69
             34.85,8.69 34.87,8.71 34.87,8.71
             34.87,8.71 34.87,8.72 34.87,8.72
             34.87,8.72 34.90,8.74 34.90,8.74
             34.90,8.74 34.92,8.76 34.92,8.76
             34.92,8.76 34.94,8.77 34.94,8.77
             34.94,8.77 34.94,8.78 34.94,8.78
             34.94,8.78 34.97,8.80 34.97,8.80
             34.97,8.80 34.99,8.82 34.99,8.82
             34.99,8.82 35.01,8.84 35.01,8.84
             35.01,8.84 35.04,8.86 35.04,8.86
             35.04,8.86 35.06,8.88 35.06,8.88
             35.06,8.88 35.06,8.89 35.06,8.89
             35.06,8.89 35.08,8.91 35.08,8.91
             35.08,8.91 35.11,8.93 35.11,8.93
             35.11,8.93 35.13,8.95 35.13,8.95
             35.13,8.95 35.13,8.95 35.13,8.95
             35.13,8.95 35.15,8.97 35.15,8.97
             35.15,8.97 35.17,8.99 35.17,8.99
             35.17,8.99 35.19,9.01 35.19,9.01
             35.19,9.01 35.19,9.01 35.19,9.01
             35.19,9.01 35.22,9.03 35.22,9.03
             35.22,9.03 35.24,9.06 35.24,9.06
             35.24,9.06 35.25,9.07 35.25,9.07
             35.25,9.07 35.26,9.08 35.26,9.08
             35.26,9.08 35.28,9.10 35.28,9.10
             35.28,9.10 35.30,9.12 35.30,9.12
             35.30,9.12 35.31,9.12 35.31,9.12
             35.31,9.12 35.32,9.14 35.32,9.14
             35.32,9.14 35.34,9.17 35.34,9.17
             35.34,9.17 35.36,9.19 35.36,9.19
             35.36,9.19 35.37,9.19 35.37,9.19
             35.37,9.19 35.39,9.21 35.39,9.21
             35.39,9.21 35.41,9.23 35.41,9.23
             35.41,9.23 35.42,9.25 35.42,9.25
             35.42,9.25 35.43,9.26 35.43,9.26
             35.43,9.26 35.45,9.28 35.45,9.28
             35.45,9.28 35.47,9.30 35.47,9.30
             35.47,9.30 35.48,9.31 35.48,9.31
             35.48,9.31 35.49,9.32 35.49,9.32
             35.49,9.32 35.51,9.35 35.51,9.35
             35.51,9.35 35.53,9.37 35.53,9.37
             35.53,9.37 35.53,9.37 35.53,9.37
             35.53,9.37 35.55,9.39 35.55,9.39
             35.55,9.39 35.57,9.41 35.57,9.41
             35.57,9.41 35.58,9.43 35.58,9.43
             35.58,9.43 35.59,9.44 35.59,9.44
             35.59,9.44 35.61,9.46 35.61,9.46
             35.61,9.46 35.63,9.50 35.63,9.50
             35.63,9.50 35.64,9.51 35.64,9.51
             35.64,9.51 35.68,9.55 35.68,9.55
             35.68,9.55 35.68,9.56 35.68,9.56
             35.68,9.56 35.70,9.58 35.70,9.58
             35.70,9.58 35.73,9.62 35.73,9.62
             35.73,9.62 35.75,9.65 35.75,9.65
             35.75,9.65 35.76,9.66 35.76,9.66
             35.76,9.66 35.77,9.68 35.77,9.68
             35.77,9.68 35.78,9.69 35.78,9.69
             35.78,9.69 35.79,9.70 35.79,9.70
             35.79,9.70 35.80,9.73 35.80,9.73
             35.80,9.73 35.81,9.73 35.81,9.73
             35.81,9.73 35.82,9.75 35.82,9.75
             35.82,9.75 35.83,9.76 35.83,9.76
             35.83,9.76 35.84,9.78 35.84,9.78
             35.84,9.78 35.85,9.79 35.85,9.79
             35.85,9.79 35.86,9.80 35.86,9.80
             35.86,9.80 35.87,9.83 35.87,9.83
             35.87,9.83 35.88,9.83 35.88,9.83
             35.88,9.83 35.89,9.86 35.89,9.86
             35.89,9.86 35.90,9.86 35.90,9.86
             35.90,9.86 35.91,9.88 35.91,9.88
             35.91,9.88 35.94,9.93 35.94,9.93
             35.94,9.93 35.96,9.96 35.96,9.96
             35.96,9.96 35.96,9.97 35.96,9.97
             35.96,9.97 35.97,9.99 35.97,9.99
             36.34,10.61 36.56,11.34 36.67,12.13
             30.35,12.40 24.64,12.65 20.65,12.84
             20.65,12.84 12.52,5.85 12.52,5.85
             13.23,5.69 14.09,5.56 15.06,5.45 Z"></path>
           <path d="
           M 74.65,7.26
           C 75.61,7.84 76.23,9.02 76.58,10.52
             74.84,10.58 72.46,10.67 69.64,10.78
             70.30,10.89 70.84,11.00 71.25,11.10
             73.95,11.75 75.71,13.44 76.85,15.47
             76.63,18.33 75.87,21.34 74.73,23.49
             74.73,23.49 74.73,23.48 74.73,23.48
             74.81,17.51 74.33,14.27 70.17,13.84
             69.12,13.74 64.70,13.41 58.64,12.99
             58.64,12.99 52.53,7.73 52.53,7.73
             53.29,7.40 54.14,7.11 55.05,6.87
             60.60,6.57 65.91,6.32 70.42,6.19
             72.40,6.45 73.94,6.82 74.65,7.26 Z"> </path>
</svg>
